CD	ID	FD	WD	ED
11	2	5	0	2
17	1	3	0	11
18	3	8	0	5
26	9	20	0	3
26	5	13	0	10
29	4	11	0	14
29	8	19	0	6
33	11	24	2	6
33	6	14	0	13
35	7	17	0	15
37	10	23	0	13
40	14	33	1	6
40	13	32	1	4
45	12	27	2	13
51	15	34	6	10
54	16	36	1	13
59	21	53	0	3
64	19	48	0	13
66	20	49	0	14
70	17	42	19	9
76	26	65	0	10
79	24	60	0	15
81	28	70	0	10
82	31	73	0	8
83	18	44	26	12
84	30	72	0	8
85	33	77	0	4
92	34	80	0	7
92	32	75	0	15
103	22	57	33	12
110	23	59	44	3
125	25	62	55	2
129	27	68	57	2
146	29	71	65	6
Missions: 34[M:11, P:8, E:15]
Rovers: 7[M:3, P:1, E:3]
Avg Wait = 9.17, Avg Exec = 8.73
Auto-promoted: 8%
